-------------------------
| 3   6 | 5   8 | 4     |
| 5 2   |       |       |
|   8 7 |       |   3 1 |
|-----------------------|
|     3 |   1   |   8   |
| 9     | 8 6 3 |     5 |
|   5   |   9   | 6     |
|-----------------------|
| 1 3   |       | 2 5   |
|       |       |   7 4 |
|     5 | 2   6 | 3     |
-------------------------
-------------------------
|     2 |       | 5     |
|   1   | 7   5 |   2   |
| 4     |   9   |     7 |
|-----------------------|
|   4 9 |       | 7 3   |
| 8   1 |   3   | 4   9 |
|   3 6 |       | 2 1   |
|-----------------------|
| 2     |   8   |     4 |
|   8   | 9   2 |   6   |
|     7 |       | 8     |
-------------------------
-------------------------
|       |       |       |
|   7 9 |   5   | 1 8   |
| 8     |       |     7 |
|-----------------------|
|     7 | 3   6 | 8     |
| 4 5   | 7   8 |   9 6 |
|     3 | 5   2 | 7     |
|-----------------------|
| 7     |       |     5 |
|   1 6 |   3   | 4 2   |
|       |       |       |
-------------------------
-------------------------
|       |     3 |   1 7 |
|   1 5 |     9 |     8 |
|   6   |       |       |
|-----------------------|
| 1     |     7 |       |
|     9 |       | 2     |
|       | 5     |     4 |
|-----------------------|
|       |       |   2   |
| 5     | 6     | 3 4   |
| 3 4   | 2     |       |
-------------------------
Temps : 0.0
-------------------------
| 3   6 | 5   8 | 4     |
| 5 2   |       |       |
|   8 7 |       |   3 1 |
|-----------------------|
|     3 |   1   |   8   |
| 9     | 8 6 3 |     5 |
|   5   |   9   | 6     |
|-----------------------|
| 1 3   |       | 2 5   |
|       |       |   7 4 |
|     5 | 2   6 | 3     |
-------------------------
-------------------------
|     2 |       | 5     |
|   1   | 7   5 |   2   |
| 4     |   9   |     7 |
|-----------------------|
|   4 9 |       | 7 3   |
| 8   1 |   3   | 4   9 |
|   3 6 |       | 2 1   |
|-----------------------|
| 2     |   8   |     4 |
|   8   | 9   2 |   6   |
|     7 |       | 8     |
-------------------------
-------------------------
|       |       |       |
|   7 9 |   5   | 1 8   |
| 8     |       |     7 |
|-----------------------|
|     7 | 3   6 | 8     |
| 4 5   | 7   8 |   9 6 |
|     3 | 5   2 | 7     |
|-----------------------|
| 7     |       |     5 |
|   1 6 |   3   | 4 2   |
|       |       |       |
-------------------------
-------------------------
|       |     3 |   1 7 |
|   1 5 |     9 |     8 |
|   6   |       |       |
|-----------------------|
| 1     |     7 |       |
|     9 |       | 2     |
|       | 5     |     4 |
|-----------------------|
|       |       |   2   |
| 5     | 6     | 3 4   |
| 3 4   | 2     |       |
-------------------------
